1 5.025724 1.000000 1.000000 -nan
4 2.617518 1.920034 0.480008 0.361099
4 2.521876 1.992851 0.498213 0.335725
4 2.513518 1.999478 0.499870 0.333507
4 2.666576 1.884711 0.471178 0.374114
1 4.904835 1.000000 1.000000 -nan
4 2.463919 1.990664 0.497666 0.336460
4 2.866235 1.711247 0.427812 0.445826
4 2.536596 1.933628 0.483407 0.356217
4 2.478047 1.979315 0.494829 0.340301
4 2.503317 1.959334 0.489834 0.347170
4 2.366381 2.072715 0.518179 0.309945
1 4.746796 1.000000 1.000000 -nan
6 2.526095 1.879104 0.313184 0.438602
6 2.348999 2.020774 0.336796 0.393832
6 3.424842 1.385990 0.230998 0.665807
6 3.152308 1.505816 0.250969 0.596910
6 2.283321 2.078900 0.346483 0.377228
6 2.637031 1.800053 0.300009 0.466647
6 2.247879 2.111678 0.351946 0.368269
6 2.319477 2.046494 0.341082 0.386369
6 2.521693 1.882385 0.313731 0.437489
6 2.293866 2.069343 0.344891 0.379894
6 2.281768 2.080315 0.346719 0.376836
1 4.851014 1.000000 1.000000 -nan
8 50.119121 0.096790 0.012099 11.664776
8 14.134467 0.343205 0.042901 3.187102
8 762.717657 0.006360 0.000795 179.546858
16 927.459955 0.005230 0.000327 203.868143
20 1432.628840 0.003386 0.000169 310.816469
